name: rf_fingerprint
channels:
  - conda-forge
  - defaults
dependencies:
  - _py-xgboost-mutex=2.0=gpu_0
  - brotli-python=1.1.0=py38hd3f51b4_1
  - bzip2=1.0.8=h2466b09_7
  - ca-certificates=2024.7.4=h56e8100_0
  - cached-property=1.5.2=hd8ed1ab_1
  - cached_property=1.5.2=pyha770c72_1
  - certifi=2024.7.4=pyhd8ed1ab_0
  - cffi=1.17.0=py38h4cb3324_0
  - charset-normalizer=3.3.2=pyhd8ed1ab_0
  - colorama=0.4.6=pyhd8ed1ab_0
  - cuda-version=12.6=h7480c83_3
  - h2=4.1.0=pyhd8ed1ab_0
  - h5py=3.11.0=nompi_py38hd93224d_102
  - hdf5=1.14.3=nompi_h2b43c12_105
  - hpack=4.0.0=pyh9f0ad1d_0
  - hyperframe=6.0.1=pyhd8ed1ab_0
  - idna=3.7=pyhd8ed1ab_0
  - intel-openmp=2024.2.1=h57928b3_1083
  - joblib=1.4.2=pyhd8ed1ab_0
  - krb5=1.21.3=hdf4eb48_0
  - libaec=1.1.3=h63175ca_0
  - libblas=3.9.0=23_win64_mkl
  - libcblas=3.9.0=23_win64_mkl
  - libcurl=8.9.1=h18fefc2_0
  - libffi=3.4.2=h8ffe710_5
  - libhwloc=2.11.1=default_h8125262_1000
  - libiconv=1.17=hcfcfb64_2
  - liblapack=3.9.0=23_win64_mkl
  - libsqlite=3.46.0=h2466b09_0
  - libssh2=1.11.0=h7dfc565_0
  - libxgboost=2.1.1=cuda120_he04f013_1
  - libxml2=2.12.7=h0f24e4e_4
  - libzlib=1.3.1=h2466b09_1
  - m2w64-gcc-libgfortran=5.3.0=6
  - m2w64-gcc-libs=5.3.0=7
  - m2w64-gcc-libs-core=5.3.0=7
  - m2w64-gmp=6.1.0=2
  - m2w64-libwinpthread-git=5.0.0.4634.697f757=2
  - mkl=2024.1.0=h66d3029_694
  - msys2-conda-epoch=20160418=1
  - numpy=1.24.4=py38h1d91fd2_0
  - openssl=3.3.1=h2466b09_2
  - packaging=24.1=pyhd8ed1ab_0
  - pip=24.2=pyhd8ed1ab_0
  - platformdirs=4.2.2=pyhd8ed1ab_0
  - pooch=1.8.2=pyhd8ed1ab_0
  - pthreads-win32=2.9.1=hfa6e2cd_3
  - py-xgboost=2.1.1=cuda120_pyhc555c4d_1
  - pycparser=2.22=pyhd8ed1ab_0
  - pysocks=1.7.1=pyh0701188_6
  - python=3.8.19=h4de0772_0_cpython
  - python_abi=3.8=5_cp38
  - requests=2.32.3=pyhd8ed1ab_0
  - scikit-learn=1.3.2=py38h4f736e5_2
  - scipy=1.10.1=py38h1aea9ed_3
  - setuptools=72.2.0=pyhd8ed1ab_0
  - tbb=2021.12.0=hc790b64_3
  - threadpoolctl=3.5.0=pyhc1e730c_0
  - tk=8.6.13=h5226925_1
  - tqdm=4.66.5=pyhd8ed1ab_0
  - ucrt=10.0.22621.0=h57928b3_0
  - urllib3=2.2.2=pyhd8ed1ab_1
  - vc=14.3=h8a93ad2_20
  - vc14_runtime=14.40.33810=ha82c5b3_20
  - vs2015_runtime=14.40.33810=h3bf8584_20
  - wheel=0.44.0=pyhd8ed1ab_0
  - win_inet_pton=1.1.0=pyhd8ed1ab_6
  - xgboost=2.1.1=cuda120_pyhc629091_1
  - xz=5.2.6=h8d14728_0
  - zstandard=0.23.0=py38hf92978b_0
  - zstd=1.5.6=h0ea2cb4_0
  - pip:
      - skrebate==0.62
prefix: C:\Users\ia\anaconda3\envs\rf_fingerprint
